5 17
3 5 64504 685
3 5 57303 519
3 5 11565 793
1 5 5081 917
3 5 55171 281
2 3 12202 36
1 5 23916 32
1 5 6182 342
3 5 84385 547
1 5 92228 788
4 2 50250 449
3 5 83400 676
3 1 25572 573
3 5 69134 439
2 5 217 460
2 3 83755 960
2 3 86671 982
102
216
83
508
945
934
61
522
793
4
350
213
394
357
560
805
213
180
696
456
562
278
658
942
456
972
910
680
423
779
585
21
682
273
69
392
62
267
950
715
708
20
539
651
396
107
26
697
754
643
269
434
494
127
395
586
45
917
498
504
475
843
204
2
831
742
69
829
741
415
515
800
608
855
124
596
616
692
887
476
210
969
912
623
7
896
996
950
895
947
76
916
443
551
896
442
415
911
738
409
898
855
773
