;
; IMR powder loads
;
; Network size: Input, Hidden, Output
SN 4 6 3 2 1
;
; Maximum iterations, Logging rate: log err every N iterations
IC 200 3
;
; Randomize the net:
RN 5
;
; Parameters: learn tolerance, learn rate, momentum, sigmoid factor
PP 0.5 0.5 0.7
PL 0.0001 0.01 0.0001
;
; Validate using the Test cases:
VA
WC -1
;
; Learn or Test cases: input(s) output(s)
T 165 0.308 68.01 83 26 2800 58.7  .30-06 - hot
T 190 0.308 54.07 71 26 2500 42.2  .308 Win - hot
T 110 0.308 54.07 59 26 3200 47.2  .308 Win - hot
T 120 0.264 55.04 72 18 2300 36.1  6.5 X 55 Swedish
T 220 0.323 62.68 71 23 2000 37.2  8mm Mauser - hot
T 100 0.264 52.26 67 20 2700 37.5  6.5 X 54 Mann.
T 85  0.264 55.04 67 18 2800 42.2  6.5 X 55 Swedish
T 150 0.308 58.91 80 24 2700 55.1  7.62 Russian - hot
;T 120 0.264 55.04 72 18 2700 42.3  6.5 X 55 Swedish - hot
;T 140 0.264 52.26 59 20 2400 34.7  6.5 X 54 Mann. - hot
;T 150 0.311 55.65 59 25 2600 42.0  .303 British - hot
;T 75  0.243 31.63 59 29 3100 25.7  6 X 47 - hot
;T 70  0.243 63.08 83 26 3600 54.2  .240 Weath mag - hot
;T 85  0.264 47.67 59 19 2900 37.0  6.5 Jap - hot
;T 120 0.264 47.67 67 19 2600 36.3  6.5 Jap - hot
;T 170 0.284 55.55 72 29 2550 41.5  7 X 57 - hot
;T 150 0.311 63.29 80 25 2600 53.2  7.7 Jap - hot
;T 63  0.224 28.12 71 20 2900 25.0  .223 Rem - hot
;T 55  0.224 46.25 80 26 3800 42.7  .220 Swift - hot
;T 70  0.243 52.81 80 26 3400 44.6  .243 Win - hot
;T 90  0.257 52.43 67 24 3200 41.6  .257 Roberts - hot
;T 75  0.257 65.03 67 26 3600 49.0  .25-06 Rem - hot
;T 85  0.264 68.64 71 18.5 2900 49.0 6.5 Rem mag - hot
;T 110 0.277 67.39 67 26 3200 49.1  .270 Win - hot
;T 168 0.284 83.19 59 26 2700 48.7  7mm Rem mag - hot
;T 110 0.308 33.98 51 23.75 2600 24.8 7.62 X 39 - hot
;T 140 0.264 52.26 59 20 1900 27.1  6.5 X 54 Mann.
;T 220 0.323 62.68 71 23 2000 37.2  8mm Mauser
;T 150 0.308 58.91 80 24 2700 55.1  7.62 Russian
;T 150 0.311 55.65 59 25 2300 38.1  .303 British
;T 70  0.243 31.63 67 29 2900 25.9  6 X 47
;T 75  0.243 31.63 59 29 2700 23.5  6 X 47
;T 70  0.243 63.08 83 26 3200 49.9  .240 Weath mag
;T 190 0.308 54.07 71 26 2500 42.2  .308 Win
;T 110 0.308 54.07 59 26 2800 41.3  .308 Win
;T 85  0.264 47.67 59 19 2800 36.0  6.5 Jap
;T 120 0.264 47.67 67 19 2400 33.7  6.5 Jap
;T 170 0.284 55.55 72 29 2400 39.1  7 X 57
;T 150 0.311 63.29 80 25 2500 51.8  7.7 Jap
L 220 0.323 62.68 71 23 2100 39.2  8mm Mauser
L 200 0.308 54.07 80 26 2400 47.1  .308 Win
L 180 0.308 54.07 72 26 2500 43.5  .308 Win
L 110 0.308 54.07 59 26 3000 44.2  .308 Win
L 125 0.308 54.07 72 26 2900 47.9  .308 Win
L 75  0.257 65.03 67 26 3400 46.4  .25-06 Rem
L 87  0.257 65.03 71 26 3400 47.7  .25-06 Rem
L 100 0.257 65.03 72 26 3100 45.8  .25-06 Rem
L 120 0.257 65.03 83 26 2900 50.5  .25-06 Rem
L 85  0.243 52.81 67 26 3000 34.8  .243 Win
L 100 0.243 52.81 83 26 2900 42.6  .243 Win
L 70  0.243 52.81 80 26 3200 42.0  .243 Win
L 50  0.224 28.12 59 20 3200 24.5  .223 Rem
L 63  0.224 28.12 72 20 3000 25.7  .223 Rem
L 40  0.224 28.12 56 20 3500 23.3  .223 Rem
L 45  0.224 28.12 59 20 3100 23.9  .223 Rem
L 55  0.224 28.12 71 20 2900 25.0  .223 Rem
L 50  0.224 39.19 59 26 3600 29.7  .224 Weath mag
L 55  0.224 39.19 71 26 3500 30.9  .224 Weath mag
L 85  0.264 68.64 71 18.5 2700 45.9 6.5 Rem mag
L 100 0.264 68.64 80 18.5 2900 54.2 6.5 Rem mag
L 120 0.264 68.64 72 18.5 2600 44.2 6.5 Rem mag
L 100 0.264 81.51 67 24 3300 52.7  .264 Win mag
L 85  0.264 81.51 71 24 3300 51.8  .264 Win mag
L 250 0.338 102.05 83 26 2700 78.0 .340 Weath mag
L 53  0.224 46.25 67 26 3600 34.6  .220 Swift
L 55  0.224 46.25 80 26 3700 41.6  .220 Swift
L 40  0.224 13.27 51 26 2600 10.4  .22 Hornet
L 55  0.224 13.27 56 26 2200 11.0  .22 Hornet
L 50  0.224 17.07 56 26 2300 13.2  .218 Bee
L 50  0.224 17.07 51 26 2700 12.7  .218 Bee
L 100 0.243 54.57 67 26 2800 35.9  .244 Rem
L 70  0.243 54.57 71 26 3200 39.1  .244 Rem
L 75  0.257 45.54 67 24 3200 36.0  .250/3000 Savage
L 117 0.257 45.54 59 24 2300 26.1  .250/3000 Savage
L 75  0.257 52.43 59 24 3000 36.3  .257 Roberts
L 90  0.257 52.43 67 24 2900 38.3  .257 Roberts
L 117 0.257 52.43 71 24 2400 32.8  .257 Roberts
L 50  0.224 34.63 67 26 3200 24.3  .219 Zipper
L 45  0.224 34.63 71 26 3200 26.0  .219 Zipper
L 52  0.224 26.19 67 26 2800 22.6  .222 Rem
L 40  0.224 26.19 56 26 3300 21.0  .222 Rem
L 100 0.257 85.63 80 26 3400 64.7  .257 Weath mag
L 75  0.257 85.63 71 26 3600 58.7  .257 Weath mag
L 90  0.277 67.39 59 26 3100 45.0  .270 Win
L 110 0.277 67.39 67 26 2900 44.7  .270 Win
L 150 0.277 67.39 71 26 2700 44.6  .270 Win
L 140 0.284 64.59 72 22 2600 44.6  .284 Win
L 120 0.284 64.59 71 22 2600 43.1  .284 Win
L 160 0.284 68.58 67 22 2600 44.4  .280 Rem
L 168 0.284 83.19 59 26 2500 44.0  7mm Rem mag
L 140 0.284 83.19 71 26 2900 54.4  7mm Rem mag
L 120 0.284 83.19 59 26 2900 48.3  7mm Rem mag
L 125 0.308 51.42 59 22 2600 37.8  .300 Savage
L 165 0.308 51.42 71 22 2500 41.1  .300 Savage
L 110 0.308 33.98 51 23.75 2200 19.3 7.62 X 39
L 125 0.308 33.98 51 23.75 2500 24.3 7.62 X 39
L 150 0.308 33.98 56 23.75 2100 23.3 7.62 X 39
L 190 0.308 68.01 83 26 2400 50.6  .30-06
L 180 0.308 68.01 67 26 2500 44.3  .30-06
L 150 0.308 68.01 72 26 2800 50.5  .30-06
L 165 0.308 68.01 80 26 2800 56.5  .30-06
L 125 0.308 68.01 71 26 2900 50.1  .30-06
L 110 0.308 68.01 59 26 3100 49.5  .30-06
L 190 0.308 88.82 72 26 2700 55.4  .300 H&H mag
L 110 0.308 90.36 71 24 3200 63.5  .300 Win mag
L 250 0.338 85.62 71 24 2500 58.2  .338 Win mag
L 200 0.358 51.76 67 20 2050 38.0  .35 Rem
L 200 0.358 73.74 71 18.5 2200 52.9 .350 Rem mag
L 50  0.224 38.30 59 22 3100 26.9  .225 Win
L 50  0.224 38.30 72 22 3100 29.2  .225 Win
L 63  0.224 44.62 67 26 3200 31.6  .22-250
L 50  0.224 44.62 71 26 3800 36.6  .22-250
L 60  0.243 44.06 67 20 3200 33.6  6mm Int.
L 70  0.243 44.06 56 20 3000 28.1  6mm Int.
L 45  0.224 36.85 67 26 3400 28.9  .219 Donaldson
L 52  0.224 36.85 72 26 3100 27.6  .219 Donaldson
L 100 0.243 63.08 71 26 2800 38.4  .240 Weath mag
L 70  0.243 63.08 80 26 3300 49.4  .240 Weath mag
L 117 0.257 59.35 67 24 2800 39.5  .257 Roberts Imp. (Ackley)
L 87  0.257 59.35 72 24 3400 47.8  .257 Roberts Imp. (Ackley)
L 110 0.308 58.91 59 24 3100 49.5  7.62 Russian
L 125 0.308 58.91 67 24 2700 47.2  7.62 Russian
L 165 0.308 58.91 80 24 2500 51.4  7.62 Russian
L 63  0.224 29.84 67 24 2900 24.7  .222 Rem mag
L 52  0.224 29.84 71 24 2900 25.5  .222 Rem mag
L 110 0.308 44.50 71 26 2400 33.3  .30-30
L 150 0.311 55.65 59 25 2500 40.7  .303 British
L 180 0.311 55.65 72 25 2000 36.8  .303 British
